18 0.068620 0.187746 0.137240 0.368982
18 0.077474 0.535460 0.154948 0.322222
18 0.068782 0.023380 0.130729 0.046759
18 0.388997 0.038194 0.197917 0.076389
2 0.081771 0.870891 0.163542 0.257408
2 0.383626 0.941565 0.463542 0.116204
6 0.170345 0.298669 0.064323 0.258796
15 0.162337 0.283044 0.026823 0.175463
8 0.164681 0.327199 0.019792 0.185648
19 0.272168 0.216204 0.084375 0.161574
0 0.229297 0.263093 0.028906 0.050926
4 0.310775 0.260142 0.085417 0.352315
4 0.251563 0.331192 0.050000 0.084259
12 0.397689 0.220530 0.097135 0.202778
13 0.369954 0.747092 0.127604 0.302778
3 0.544010 0.771499 0.228646 0.368518
16 0.609570 0.907031 0.049219 0.087500
16 0.562630 0.320978 0.043229 0.076852
10 0.558268 0.227951 0.169271 0.336111
1 0.678971 0.471889 0.156771 0.197685
7 0.498307 0.462891 0.082552 0.166667
7 0.399968 0.468605 0.080208 0.148148
17 0.578223 0.498611 0.842969 0.997222