19 0.272070 0.215929 0.081250 0.159722
18 0.068620 0.187978 0.137240 0.369445
18 0.077344 0.535460 0.154688 0.322222
18 0.389095 0.038194 0.197135 0.076389
18 0.104688 0.012717 0.017969 0.011111
18 0.068099 0.023611 0.132292 0.047222
2 0.082031 0.870052 0.164062 0.258333
2 0.383366 0.941754 0.463021 0.115278
12 0.397949 0.220761 0.097656 0.203241
13 0.369694 0.749696 0.127083 0.302778
3 0.544466 0.771499 0.227604 0.368518
4 0.240593 0.149118 0.027083 0.049537
4 0.288151 0.259577 0.130990 0.355092
0 0.228874 0.263093 0.027083 0.050926
10 0.560514 0.229109 0.174740 0.338426
16 0.608529 0.907219 0.047135 0.086574
16 0.561003 0.319358 0.038021 0.073611
1 0.678874 0.472309 0.157552 0.197222
7 0.500618 0.463542 0.086198 0.166667
7 0.400977 0.468793 0.081250 0.147222
8 0.164681 0.313513 0.019792 0.212963
17 0.578353 0.498148 0.843229 0.996296
6 0.170345 0.298900 0.064323 0.259259
15 0.162468 0.282769 0.027083 0.173611