18 0.068359 0.188397 0.136719 0.368982
18 0.077604 0.535923 0.155208 0.323148
18 0.384180 0.037963 0.188281 0.075926
18 0.067318 0.023380 0.134635 0.046759
2 0.082161 0.870052 0.164323 0.258333
2 0.383626 0.941985 0.463542 0.115741
6 0.170345 0.298249 0.064323 0.259259
15 0.162598 0.283232 0.027344 0.174537
8 0.164551 0.326360 0.019531 0.186574
19 0.272396 0.215741 0.083854 0.160648
20 0.267676 0.754470 0.073438 0.143055
0 0.228743 0.263093 0.026823 0.050926
4 0.287663 0.259389 0.130990 0.356018
3 0.545247 0.773452 0.221354 0.368518
12 0.397949 0.220761 0.097656 0.203241
13 0.369954 0.748626 0.127604 0.303241
10 0.555436 0.227951 0.164583 0.336111
16 0.562630 0.320284 0.043229 0.075463
16 0.608919 0.907031 0.047917 0.087500
1 0.679329 0.471846 0.156510 0.196296
7 0.500488 0.463498 0.085938 0.165278
7 0.398014 0.468374 0.076302 0.147685
17 0.578223 0.498611 0.842969 0.997222