18 0.068359 0.187746 0.136719 0.368982
18 0.077474 0.535691 0.154948 0.322685
18 0.070378 0.023148 0.127083 0.046296
18 0.385449 0.037963 0.189844 0.075926
6 0.170573 0.298481 0.063802 0.259722
15 0.162337 0.283926 0.026823 0.175926
8 0.164193 0.318981 0.019792 0.200463
19 0.272103 0.215697 0.082292 0.159259
4 0.288607 0.259577 0.129948 0.355092
0 0.230046 0.264251 0.029427 0.053241
12 0.397721 0.220761 0.098177 0.203241
13 0.369368 0.749465 0.128385 0.302315
20 0.267448 0.754470 0.073958 0.143055
10 0.554948 0.227257 0.164583 0.334722
16 0.562760 0.320978 0.043490 0.076852
16 0.608073 0.906800 0.048177 0.087037
3 0.542546 0.768634 0.216927 0.360185
1 0.678841 0.472729 0.156510 0.196759
7 0.499902 0.463310 0.086719 0.166204
7 0.399089 0.469025 0.083333 0.147685
17 0.577995 0.498380 0.843490 0.996759
2 0.081771 0.870052 0.163542 0.258333
2 0.388151 0.941565 0.471615 0.116204