6 0.171224 0.300767 0.065104 0.256482
15 0.161882 0.282566 0.027865 0.160185
19 0.213704 0.094575 0.084635 0.172222
4 0.244108 0.159028 0.135677 0.318055
0 0.182389 0.170211 0.043490 0.057870
8 0.165169 0.320660 0.019792 0.198611
11 0.107487 0.069170 0.130990 0.095370
11 0.279720 0.023148 0.044792 0.046296
18 0.068750 0.229036 0.137500 0.287500
18 0.077604 0.535923 0.155208 0.323148
2 0.081901 0.871079 0.163802 0.256482
2 0.383496 0.941754 0.463281 0.115278
18 0.390430 0.038658 0.196875 0.077315
12 0.397331 0.220530 0.097396 0.202778
10 0.557910 0.227951 0.169531 0.336111
7 0.399675 0.467954 0.082552 0.148148
7 0.500618 0.463079 0.086198 0.165741
1 0.678939 0.472309 0.155729 0.197222
13 0.370052 0.749089 0.126823 0.304167
3 0.545605 0.771918 0.225000 0.368055
16 0.563021 0.320284 0.044010 0.075463
16 0.608301 0.906988 0.047656 0.086111
17 0.578223 0.498380 0.842969 0.996759