18 0.077604 0.535691 0.155208 0.322685
18 0.068490 0.237225 0.136979 0.264815
18 0.393945 0.038658 0.192188 0.077315
2 0.082031 0.870052 0.164062 0.258333
2 0.385579 0.941565 0.467448 0.116204
11 0.153190 0.118099 0.167708 0.154167
11 0.276237 0.042361 0.042708 0.084722
6 0.170117 0.298061 0.064844 0.260185
8 0.164811 0.319444 0.020052 0.201389
15 0.161882 0.275955 0.027865 0.163889
0 0.220898 0.255281 0.033594 0.050926
19 0.260905 0.200810 0.087240 0.162037
4 0.280469 0.243996 0.139063 0.356482
12 0.397591 0.220993 0.097917 0.203704
13 0.370182 0.749089 0.127083 0.304167
10 0.556315 0.227951 0.165365 0.336111
16 0.562728 0.320052 0.042448 0.075000
16 0.608431 0.906800 0.047917 0.087037
3 0.544499 0.773582 0.228646 0.372685
1 0.679329 0.472540 0.156510 0.197685
7 0.499382 0.462240 0.085677 0.166667
7 0.400846 0.469025 0.080990 0.147685
17 0.577181 0.498380 0.844792 0.996759