18 0.068750 0.249262 0.137500 0.247222
18 0.077604 0.534997 0.155208 0.321296
2 0.082031 0.871079 0.164062 0.256482
2 0.388802 0.941565 0.472917 0.116204
11 0.148307 0.128950 0.206771 0.147222
11 0.271387 0.041435 0.063281 0.082870
6 0.170475 0.298712 0.064583 0.260185
15 0.162337 0.280874 0.026823 0.168518
8 0.164258 0.308840 0.021875 0.223148
0 0.227441 0.255281 0.028125 0.050926
19 0.271354 0.211227 0.085677 0.162037
4 0.288053 0.256424 0.131771 0.351389
12 0.397461 0.220993 0.097656 0.203704
13 0.369987 0.747613 0.124740 0.298611
10 0.555697 0.228646 0.165104 0.337500
16 0.563118 0.320978 0.043229 0.076852
16 0.608561 0.907031 0.048177 0.087500
3 0.543913 0.771687 0.221615 0.367592
1 0.678841 0.471889 0.156510 0.197685
7 0.499740 0.463542 0.085417 0.166667
7 0.400846 0.468374 0.084896 0.147685
17 0.575814 0.498380 0.847917 0.996759
18 0.394271 0.038658 0.190885 0.077315