18 0.068750 0.187746 0.137500 0.368982
18 0.077604 0.535691 0.155208 0.322685
18 0.067578 0.024537 0.135156 0.049074
18 0.385449 0.038658 0.189844 0.077315
2 0.082031 0.870052 0.164062 0.258333
2 0.383366 0.941754 0.463021 0.115278
6 0.170215 0.298669 0.064062 0.258796
15 0.162109 0.281930 0.027344 0.174537
8 0.164225 0.319068 0.020833 0.203241
19 0.271517 0.216160 0.083073 0.160185
0 0.228223 0.263325 0.025781 0.051389
4 0.288509 0.259997 0.130729 0.354630
12 0.397689 0.220530 0.097135 0.202778
13 0.369922 0.749045 0.126562 0.302778
10 0.555827 0.227720 0.165365 0.335648
3 0.544954 0.772106 0.223698 0.367130
16 0.608952 0.906800 0.048958 0.087037
16 0.562630 0.320746 0.043229 0.076389
1 0.678971 0.472540 0.156771 0.197685
7 0.498112 0.462891 0.088021 0.166667
7 0.400325 0.468793 0.079948 0.147222
17 0.578450 0.498611 0.842448 0.997222