18 0.066667 0.177980 0.133333 0.348148
18 0.077734 0.535923 0.155469 0.323148
2 0.076172 0.870284 0.152344 0.258796
5 0.163704 0.134028 0.179948 0.268055
5 0.163379 0.891117 0.165625 0.217130
11 0.356673 0.861690 0.210417 0.275463
11 0.352344 0.086342 0.075781 0.172685
11 0.167546 0.296311 0.052865 0.065278
21 0.320801 0.176100 0.039062 0.149074
19 0.267741 0.243779 0.083333 0.162037
20 0.241309 0.786415 0.057813 0.144445
8 0.243913 0.794401 0.027865 0.066667
4 0.285872 0.334332 0.140104 0.261111
4 0.289323 0.159332 0.047396 0.098611
3 0.545605 0.771455 0.225000 0.367130
13 0.355208 0.672512 0.132292 0.298148
22 0.392578 0.700839 0.031250 0.232408
22 0.467904 0.113325 0.109635 0.168055
12 0.397721 0.220110 0.098177 0.203241
6 0.163509 0.405743 0.064323 0.247685
15 0.157064 0.414034 0.022135 0.200463
14 0.332064 0.481757 0.067448 0.089815
16 0.562760 0.318938 0.043490 0.074074
16 0.608952 0.906568 0.048958 0.086574
1 0.691829 0.472410 0.130729 0.193518
7 0.499056 0.462428 0.086979 0.165741
7 0.401270 0.467115 0.082812 0.149074
10 0.555925 0.224986 0.164583 0.331482
0 0.226107 0.559693 0.040104 0.049074
17 0.576953 0.498380 0.845313 0.996759