18 0.068099 0.187095 0.136198 0.368982
18 0.077995 0.534664 0.155990 0.324537
2 0.082552 0.870052 0.165104 0.258333
18 0.068652 0.022917 0.130469 0.045833
19 0.268522 0.245226 0.080990 0.159722
8 0.235124 0.286835 0.082552 0.081482
20 0.247852 0.772555 0.079687 0.145370
22 0.470768 0.107769 0.103646 0.156945
22 0.392708 0.713498 0.031510 0.227778
0 0.262988 0.629586 0.040625 0.049537
6 0.164551 0.371586 0.062500 0.258796
15 0.159440 0.379355 0.020052 0.215741
4 0.286816 0.287153 0.139063 0.355555
10 0.555566 0.227720 0.164844 0.335648
5 0.097656 0.961791 0.152344 0.075926
11 0.337402 0.867434 0.203125 0.264815
11 0.179915 0.853487 0.093229 0.200463
11 0.174805 0.178009 0.082031 0.356018
12 0.397819 0.219879 0.097396 0.202778
13 0.354362 0.682089 0.132552 0.299074
3 0.544434 0.771687 0.222656 0.367592
16 0.562630 0.319213 0.043229 0.075926
16 0.609473 0.906380 0.050000 0.087500
1 0.679102 0.471007 0.157031 0.197222
7 0.498665 0.463079 0.086198 0.165741
7 0.398372 0.467072 0.083854 0.147685
14 0.332780 0.488498 0.066927 0.090278
17 0.167839 0.190856 0.023177 0.100463
17 0.578223 0.498380 0.842969 0.996759