5 0.141764 0.875984 0.169271 0.246759
18 0.077604 0.535272 0.155208 0.323148
18 0.068229 0.187326 0.136458 0.369445
18 0.067871 0.023148 0.128906 0.046296
2 0.052865 0.870284 0.105729 0.258796
11 0.333398 0.859635 0.203906 0.279167
11 0.172949 0.176158 0.085156 0.352315
11 0.325977 0.066898 0.052344 0.133796
8 0.232813 0.288194 0.086719 0.076389
22 0.468034 0.111892 0.109896 0.163889
22 0.393034 0.713600 0.030208 0.224074
0 0.262988 0.630237 0.040625 0.049537
6 0.164941 0.371166 0.063281 0.259259
15 0.158887 0.377966 0.017969 0.212963
19 0.268782 0.245038 0.081510 0.160648
20 0.248958 0.772700 0.072135 0.143055
4 0.286263 0.287572 0.140885 0.355092
12 0.397363 0.219879 0.098437 0.202778
13 0.352246 0.682972 0.127344 0.299537
3 0.543945 0.771036 0.222656 0.367592
16 0.608691 0.907031 0.048438 0.087500
16 0.562760 0.318750 0.043490 0.075000
10 0.557585 0.228183 0.166927 0.336574
1 0.678971 0.471238 0.156771 0.197685
7 0.499544 0.462240 0.090885 0.166667
7 0.400098 0.467723 0.080469 0.147685
14 0.332520 0.489149 0.066406 0.090278
17 0.577311 0.498611 0.845052 0.997222