18 0.066406 0.187138 0.132812 0.370370
18 0.077604 0.535272 0.155208 0.323148
18 0.047396 0.023148 0.094792 0.046296
5 0.159343 0.142361 0.184896 0.284722
5 0.120020 0.969734 0.153125 0.059259
11 0.307259 0.869068 0.304948 0.261574
11 0.177995 0.315336 0.047396 0.083796
6 0.164941 0.393446 0.063281 0.215278
15 0.159017 0.387066 0.018229 0.198611
8 0.222331 0.283420 0.075521 0.090278
0 0.262988 0.629586 0.040625 0.049537
20 0.253353 0.757147 0.076042 0.110648
19 0.271615 0.244575 0.078385 0.159722
4 0.286263 0.288223 0.140885 0.355092
14 0.356022 0.137326 0.045052 0.102778
14 0.332650 0.488730 0.066667 0.090741
22 0.468262 0.114439 0.109375 0.168982
22 0.391960 0.710981 0.030990 0.230555
12 0.397493 0.219459 0.098698 0.203241
13 0.353288 0.684086 0.129427 0.300463
7 0.399968 0.467766 0.080208 0.149074
7 0.499577 0.462891 0.088021 0.166667
1 0.678613 0.471658 0.157031 0.197222
10 0.555957 0.227763 0.165625 0.337037
3 0.541992 0.771918 0.218750 0.368055
16 0.562500 0.319213 0.042969 0.075926
16 0.609082 0.906843 0.049219 0.088426
17 0.577311 0.498611 0.845052 0.997222
2 0.082031 0.870472 0.164062 0.257870