5 0.123958 0.907465 0.189323 0.184722
5 0.112435 0.071296 0.195573 0.142592
11 0.192480 0.213585 0.046094 0.272222
11 0.348958 0.860055 0.201823 0.278704
11 0.278255 0.798061 0.060417 0.156018
11 0.195247 0.794068 0.044792 0.069908
8 0.222070 0.799089 0.075000 0.091667
8 0.232357 0.290987 0.060417 0.054630
18 0.068620 0.187558 0.137240 0.369908
18 0.077734 0.535504 0.155469 0.323611
2 0.077865 0.870052 0.155729 0.258333
6 0.165560 0.372005 0.063542 0.258333
15 0.159505 0.378197 0.018229 0.213426
19 0.268555 0.244763 0.082031 0.158796
20 0.246843 0.745616 0.063021 0.088889
20 0.241178 0.813194 0.038021 0.063889
4 0.287044 0.286965 0.138542 0.356482
0 0.263216 0.629586 0.040104 0.049537
14 0.355111 0.130700 0.047135 0.112963
14 0.332878 0.488918 0.066146 0.089815
13 0.354492 0.682552 0.132812 0.300000
7 0.401790 0.467954 0.083854 0.148148
7 0.499968 0.462240 0.088802 0.166667
1 0.678841 0.471426 0.156510 0.196759
12 0.397591 0.219879 0.097917 0.202778
22 0.468587 0.109115 0.108073 0.158333
22 0.392220 0.711632 0.031510 0.230555
10 0.558138 0.227344 0.169010 0.337500
16 0.562630 0.319444 0.043229 0.076389
16 0.608464 0.906568 0.048958 0.086574
3 0.545378 0.771267 0.225521 0.368055
21 0.218164 0.230440 0.016406 0.137963
17 0.576953 0.498380 0.845313 0.996759