18 0.077734 0.535504 0.155469 0.323611
18 0.068099 0.187558 0.136198 0.369908
2 0.071484 0.870052 0.142969 0.258333
5 0.148730 0.121528 0.196875 0.243055
5 0.142839 0.890090 0.176302 0.218982
11 0.339551 0.869676 0.213281 0.260185
11 0.195703 0.786024 0.043750 0.048611
11 0.195117 0.289641 0.056250 0.115741
6 0.165300 0.372801 0.063021 0.256018
15 0.159440 0.378472 0.020052 0.215278
14 0.332780 0.488498 0.066927 0.090278
14 0.355339 0.133261 0.046615 0.111574
19 0.268815 0.244387 0.082552 0.160648
20 0.252832 0.773119 0.075000 0.142592
8 0.230111 0.307408 0.082292 0.073148
0 0.262988 0.630049 0.040625 0.050463
4 0.289355 0.296354 0.134375 0.337500
12 0.397233 0.219459 0.098177 0.203241
13 0.354362 0.681858 0.132552 0.298611
22 0.468132 0.110359 0.109115 0.163426
22 0.392806 0.710417 0.030729 0.233333
7 0.400456 0.467491 0.080208 0.147222
7 0.499089 0.462847 0.084115 0.165278
1 0.679329 0.471007 0.156510 0.197222
3 0.545475 0.771499 0.224740 0.368518
16 0.609212 0.905961 0.049479 0.087963
16 0.562891 0.319864 0.043750 0.075926
10 0.558040 0.227575 0.169792 0.337963
17 0.576953 0.498611 0.845313 0.997222