18 0.068099 0.187558 0.136198 0.369908
18 0.077604 0.535691 0.155208 0.322685
2 0.081901 0.870284 0.163802 0.258796
21 0.176335 0.219112 0.088021 0.129630
6 0.165853 0.376678 0.065104 0.248148
15 0.159310 0.382017 0.019792 0.210648
19 0.267611 0.245038 0.083073 0.160648
20 0.254264 0.752561 0.077865 0.102778
8 0.235840 0.301563 0.074219 0.066667
4 0.291439 0.287572 0.130729 0.355092
11 0.196452 0.094676 0.067708 0.189352
11 0.397233 0.030324 0.051302 0.060648
11 0.297200 0.883362 0.299479 0.232870
5 0.116243 0.968707 0.145573 0.061111
0 0.262988 0.630049 0.040625 0.050463
14 0.354525 0.130700 0.047917 0.112963
14 0.332650 0.488730 0.066667 0.090741
12 0.397461 0.220298 0.097656 0.202315
13 0.352507 0.683203 0.127865 0.300000
22 0.468457 0.110272 0.107813 0.160648
22 0.392220 0.709577 0.031510 0.234259
7 0.401790 0.467347 0.083854 0.149537
7 0.498698 0.461777 0.087240 0.165741
1 0.678971 0.471238 0.156771 0.197685
10 0.555306 0.227951 0.164323 0.336111
16 0.562891 0.319908 0.043750 0.077315
16 0.608952 0.906612 0.048958 0.087963
3 0.545605 0.771730 0.225000 0.368982
17 0.577311 0.498380 0.845052 0.996759