11 0.149512 0.276389 0.128125 0.552778
11 0.347559 0.086342 0.075000 0.172685
11 0.264225 0.785504 0.162240 0.427778
11 0.172038 0.867621 0.122396 0.263889
6 0.148307 0.412471 0.034896 0.233796
6 0.191406 0.370341 0.015625 0.170370
18 0.066406 0.187558 0.132812 0.369908
18 0.077474 0.535272 0.154948 0.323148
18 0.046745 0.023380 0.089583 0.046759
2 0.082161 0.870472 0.164323 0.257870
4 0.289909 0.345587 0.132552 0.239352
4 0.287207 0.163730 0.046094 0.107408
8 0.238021 0.299378 0.069792 0.087037
19 0.268229 0.244575 0.083333 0.159722
21 0.322754 0.178024 0.042969 0.162037
22 0.467871 0.110691 0.108594 0.160185
22 0.393164 0.699624 0.030469 0.235185
14 0.332064 0.481525 0.067448 0.089352
13 0.355501 0.675014 0.133854 0.301852
12 0.397461 0.219879 0.097656 0.202778
7 0.401139 0.467578 0.082552 0.150000
7 0.494661 0.462428 0.090885 0.165741
10 0.556348 0.227995 0.166406 0.337500
1 0.678971 0.471846 0.156771 0.196296
16 0.562760 0.319444 0.043490 0.076389
16 0.608203 0.906800 0.048438 0.087037
17 0.608431 0.498380 0.782292 0.996759
17 0.172754 0.712008 0.032031 0.249537
17 0.248438 0.193359 0.141406 0.208333
3 0.545833 0.772757 0.224479 0.367130