17 0.068099 0.186111 0.136198 0.372222
17 0.077474 0.535735 0.154948 0.324074
2 0.077604 0.871311 0.155208 0.256945
5 0.155111 0.901302 0.170573 0.195833
5 0.101074 0.020833 0.156250 0.041667
6 0.163509 0.399624 0.064323 0.260185
15 0.156803 0.406612 0.021615 0.212963
0 0.226107 0.559693 0.040104 0.049074
20 0.240885 0.785257 0.052083 0.142130
8 0.232747 0.808493 0.041667 0.087037
8 0.239779 0.258015 0.063542 0.138426
14 0.332422 0.481525 0.067187 0.089352
21 0.322266 0.176013 0.039062 0.146296
4 0.290918 0.287804 0.129688 0.355555
22 0.467904 0.111010 0.109635 0.163426
22 0.392578 0.702517 0.031250 0.230555
12 0.397461 0.219879 0.097656 0.202778
13 0.356022 0.672743 0.134896 0.298611
7 0.400423 0.467491 0.079167 0.147222
7 0.495671 0.462847 0.091927 0.165278
1 0.680176 0.472497 0.156250 0.196296
3 0.544303 0.769560 0.222396 0.362037
10 0.555827 0.227720 0.165365 0.335648
16 0.562630 0.318981 0.043229 0.075463
16 0.608691 0.906843 0.048438 0.088426
11 0.186491 0.205078 0.065365 0.312500
11 0.351693 0.085417 0.066667 0.170833
11 0.357422 0.861690 0.214844 0.275463
11 0.218750 0.765061 0.035156 0.086111
19 0.268034 0.244112 0.080990 0.158796