5 0.151204 0.117824 0.182292 0.235648
5 0.131543 0.945443 0.174219 0.108333
11 0.352214 0.086111 0.075521 0.172222
11 0.163607 0.276722 0.051823 0.091204
11 0.362663 0.864352 0.210677 0.270370
11 0.221680 0.830107 0.085938 0.216204
18 0.067578 0.187326 0.135156 0.369445
18 0.077474 0.535691 0.154948 0.322685
2 0.083203 0.871499 0.166406 0.256018
6 0.163509 0.407104 0.064323 0.242592
15 0.157161 0.415249 0.021354 0.197685
0 0.226107 0.559925 0.040104 0.049537
14 0.332064 0.481757 0.067448 0.089815
20 0.243034 0.786791 0.058333 0.142592
19 0.268132 0.244806 0.084115 0.160185
8 0.203711 0.233435 0.073438 0.108796
22 0.472396 0.103371 0.101042 0.148148
22 0.393164 0.700694 0.030469 0.234722
4 0.287305 0.163816 0.049219 0.110185
4 0.286230 0.334751 0.139844 0.260648
21 0.320801 0.176186 0.039062 0.151852
12 0.397591 0.219879 0.097917 0.202778
10 0.557780 0.227575 0.169271 0.337963
7 0.400651 0.466696 0.082552 0.149537
7 0.498926 0.462240 0.086719 0.166667
16 0.563021 0.319676 0.044010 0.076852
16 0.609050 0.906612 0.048177 0.087963
3 0.545671 0.772613 0.223177 0.369445
1 0.679102 0.471658 0.157031 0.197222
13 0.354720 0.671962 0.132292 0.294445
17 0.577181 0.498380 0.844792 0.996759