5 0.168164 0.137037 0.178125 0.274074
5 0.146126 0.907653 0.176042 0.183796
11 0.352702 0.087731 0.075521 0.175463
11 0.167025 0.305657 0.040104 0.065741
11 0.359668 0.862109 0.212500 0.275000
11 0.232715 0.799320 0.064062 0.154630
18 0.067318 0.187326 0.134635 0.369445
18 0.077474 0.535923 0.154948 0.323148
2 0.077604 0.871079 0.155208 0.256482
20 0.242057 0.787341 0.058333 0.146296
8 0.237240 0.794213 0.036979 0.067592
8 0.213411 0.264815 0.079167 0.092130
6 0.163249 0.403270 0.063802 0.251852
15 0.156934 0.409882 0.021875 0.206482
0 0.226107 0.559693 0.040104 0.049074
19 0.268652 0.244618 0.081250 0.161111
4 0.285612 0.163961 0.053646 0.107870
4 0.286003 0.344141 0.140365 0.241667
21 0.321289 0.177532 0.039062 0.153241
22 0.468001 0.109997 0.108854 0.158796
22 0.392578 0.700651 0.031250 0.233333
14 0.332064 0.481757 0.067448 0.089815
12 0.396843 0.219835 0.097396 0.201389
13 0.355501 0.672656 0.133854 0.295833
7 0.400977 0.467115 0.081250 0.149074
7 0.497884 0.462659 0.096354 0.166204
10 0.554785 0.227951 0.163281 0.336111
16 0.562891 0.319213 0.043750 0.075926
16 0.608952 0.906800 0.048958 0.087037
3 0.545605 0.771267 0.225000 0.368055
1 0.678841 0.472077 0.156510 0.196759
17 0.577311 0.498148 0.845052 0.996296