5 0.174707 0.147222 0.176563 0.294445
5 0.153060 0.908073 0.171354 0.183333
6 0.163509 0.409013 0.064323 0.241204
15 0.156803 0.409737 0.021615 0.208796
20 0.242415 0.760446 0.058073 0.091204
20 0.248893 0.821224 0.030990 0.070833
0 0.226107 0.559925 0.040104 0.049537
11 0.174382 0.310909 0.048958 0.046296
11 0.372070 0.864960 0.242188 0.268982
11 0.353450 0.088194 0.076042 0.176389
11 0.217871 0.769039 0.034375 0.095370
11 0.242350 0.864135 0.048177 0.034259
8 0.233366 0.811126 0.045833 0.094908
8 0.244596 0.243287 0.022396 0.049074
22 0.468229 0.108652 0.108333 0.157408
22 0.392676 0.700507 0.030469 0.235648
18 0.066146 0.186111 0.132292 0.372222
18 0.077474 0.535504 0.154948 0.323611
18 0.045443 0.025694 0.090885 0.051389
2 0.077344 0.870472 0.154688 0.257870
21 0.322038 0.176649 0.039583 0.152778
4 0.306315 0.339424 0.095052 0.250463
4 0.289225 0.180498 0.044271 0.137037
4 0.237988 0.344647 0.045312 0.139815
3 0.545931 0.772338 0.223698 0.367592
14 0.332064 0.481757 0.067448 0.089815
7 0.400814 0.466927 0.083854 0.150000
7 0.494889 0.462659 0.090365 0.166204
1 0.679655 0.472034 0.155208 0.195370
10 0.555436 0.228226 0.164583 0.337963
16 0.562891 0.319676 0.043750 0.076852
16 0.608333 0.906800 0.048698 0.087037
13 0.354980 0.671962 0.132812 0.294445
12 0.396973 0.219879 0.097656 0.202778
17 0.577181 0.498611 0.844792 0.997222