5 0.103841 0.046528 0.186198 0.093055
5 0.133561 0.931757 0.180208 0.135648
6 0.163379 0.399392 0.064062 0.259722
15 0.156803 0.408478 0.021615 0.210185
11 0.186589 0.191406 0.068490 0.270833
11 0.351725 0.088194 0.071615 0.176389
19 0.267839 0.244850 0.082552 0.161574
20 0.251790 0.772353 0.080729 0.111111
0 0.226237 0.559925 0.040365 0.049537
3 0.288965 0.162428 0.047656 0.107408
3 0.286686 0.340263 0.138802 0.249537
12 0.399707 0.220066 0.103125 0.201852
13 0.355794 0.672975 0.135417 0.299074
22 0.466634 0.109158 0.111979 0.159722
22 0.392904 0.700694 0.029948 0.234722
14 0.332194 0.481757 0.067708 0.089815
7 0.400553 0.467621 0.083333 0.151389
7 0.499870 0.463310 0.089583 0.166204
1 0.679069 0.472077 0.155990 0.196759
10 0.555957 0.227344 0.165625 0.337500
16 0.562109 0.318519 0.042188 0.074537
3 0.544434 0.771687 0.222656 0.367592
16 0.609310 0.906843 0.048698 0.088426
21 0.322982 0.180425 0.038542 0.148611
11 0.345736 0.886400 0.247135 0.225926
11 0.216634 0.823597 0.065104 0.195370
18 0.068359 0.187746 0.136719 0.368982
18 0.077474 0.535735 0.154948 0.324074
18 0.081771 0.871079 0.163542 0.256482
17 0.577539 0.498611 0.844531 0.997222