5 0.166602 0.143981 0.186719 0.287963
18 0.065625 0.176910 0.131250 0.348611
18 0.077604 0.535272 0.155208 0.323148
2 0.081901 0.871311 0.163802 0.256945
11 0.183236 0.319748 0.051042 0.065278
6 0.164811 0.394285 0.063021 0.214352
15 0.159375 0.390292 0.017969 0.190741
4 0.307715 0.303501 0.096875 0.323148
4 0.237923 0.343287 0.039323 0.124074
0 0.262858 0.629818 0.040365 0.050000
20 0.232292 0.740625 0.073958 0.137500
19 0.268164 0.244618 0.085156 0.161111
14 0.332520 0.489149 0.066406 0.090278
14 0.347396 0.117969 0.054167 0.087500
13 0.355501 0.682972 0.133854 0.299537
12 0.397363 0.219459 0.098437 0.203241
22 0.467643 0.108695 0.109115 0.158796
10 0.557129 0.227807 0.167969 0.338426
3 0.545736 0.771036 0.225260 0.367592
16 0.563021 0.319213 0.044010 0.075926
16 0.608040 0.906568 0.047135 0.086574
7 0.399089 0.468142 0.083333 0.147222
7 0.496452 0.462659 0.093490 0.166204
1 0.679915 0.471426 0.155729 0.196759
11 0.282552 0.976273 0.080729 0.046296
11 0.207096 0.953197 0.080208 0.092592
11 0.282975 0.976273 0.078646 0.046296
8 0.243522 0.924074 0.027083 0.118982
22 0.392578 0.712051 0.031250 0.230092
17 0.577995 0.498611 0.843490 0.997222