10 0.389844 0.146296 0.127344 0.292592
21 0.553385 0.125593 0.102865 0.192592
14 0.589974 0.259751 0.082292 0.110648
1 0.679199 0.470544 0.156250 0.196296
7 0.498730 0.461632 0.084375 0.168055
7 0.399870 0.463802 0.080990 0.154167
13 0.283301 0.693287 0.120313 0.282408
12 0.338118 0.365553 0.089323 0.190741
19 0.236751 0.380006 0.079948 0.153241
20 0.191764 0.708362 0.070052 0.132870
0 0.218229 0.571368 0.038021 0.047685
3 0.442773 0.734795 0.196094 0.312037
16 0.496191 0.851895 0.042188 0.080092
16 0.418782 0.181481 0.037760 0.071296
6 0.162175 0.398322 0.064583 0.260185
22 0.318555 0.367390 0.103906 0.055092
22 0.401562 0.794676 0.029687 0.235185
9 0.560156 0.768692 0.159375 0.042592
8 0.208236 0.394459 0.089323 0.032408
8 0.197624 0.709737 0.015365 0.058796
4 0.265723 0.460359 0.096875 0.217592
4 0.250618 0.286950 0.090104 0.112963
15 0.155339 0.406091 0.025521 0.217130
11 0.813704 0.108796 0.214323 0.217592
11 0.271419 0.081481 0.052604 0.162963
18 0.067708 0.187326 0.135417 0.369445
18 0.068327 0.022454 0.127865 0.044908
18 0.077214 0.534853 0.154427 0.323611
2 0.080859 0.870472 0.161719 0.257870
17 0.623275 0.498611 0.753385 0.997222
17 0.248145 0.204239 0.186719 0.250926
2 0.386035 0.941146 0.470313 0.116667