21 0.552995 0.131149 0.102083 0.203704
1 0.691341 0.470312 0.130729 0.195833
7 0.498796 0.461632 0.086458 0.168055
7 0.398861 0.464034 0.079948 0.154630
10 0.392741 0.146296 0.126302 0.292592
16 0.418392 0.178255 0.036979 0.079167
16 0.495964 0.852315 0.042708 0.079630
9 0.559798 0.769155 0.159635 0.043518
22 0.400391 0.794531 0.031250 0.237500
22 0.318294 0.363961 0.103385 0.049537
3 0.441634 0.736140 0.194792 0.313426
4 0.266146 0.457089 0.094792 0.224074
4 0.250163 0.287182 0.091146 0.113426
12 0.337532 0.366623 0.090104 0.190278
13 0.283529 0.692824 0.119792 0.281482
19 0.236556 0.380657 0.081510 0.153241
20 0.191536 0.708131 0.070573 0.132408
8 0.207617 0.395110 0.089063 0.032408
8 0.197363 0.707870 0.014844 0.061574
14 0.340267 0.511371 0.060417 0.113889
15 0.154720 0.405816 0.025260 0.215278
11 0.252539 0.121991 0.214062 0.243982
0 0.217708 0.571368 0.036979 0.047685
14 0.213509 0.321918 0.051042 0.072222
18 0.067578 0.187326 0.135156 0.369445
18 0.077214 0.534621 0.154427 0.323148
18 0.067773 0.022454 0.129688 0.044908
2 0.080990 0.870472 0.161979 0.257870
2 0.262468 0.941985 0.223177 0.115741
2 0.517480 0.971976 0.098437 0.054630
17 0.577637 0.498380 0.843750 0.996759
17 0.210384 0.210373 0.111198 0.169445
17 0.198112 0.561849 0.085677 0.250000
6 0.162175 0.398553 0.064583 0.260648