18 0.067448 0.186907 0.134896 0.369908
18 0.077083 0.534433 0.154167 0.324074
18 0.061882 0.022685 0.116927 0.045370
2 0.080990 0.870472 0.161979 0.257870
2 0.257389 0.942173 0.213021 0.114815
2 0.512988 0.969546 0.110937 0.060185
21 0.552669 0.131612 0.103385 0.204630
1 0.691602 0.470964 0.131250 0.195833
9 0.559440 0.769155 0.159896 0.043518
22 0.399902 0.794763 0.031250 0.237963
22 0.318522 0.364424 0.102865 0.050463
8 0.208105 0.394879 0.089063 0.031945
7 0.498926 0.461820 0.086719 0.167130
7 0.399512 0.463990 0.081250 0.153241
14 0.213509 0.321918 0.051042 0.072222
14 0.340625 0.514453 0.060156 0.108333
14 0.308691 0.143215 0.030469 0.048148
14 0.307780 0.195689 0.024740 0.039815
14 0.286296 0.252243 0.013021 0.016204
10 0.397559 0.146296 0.124219 0.292592
16 0.418425 0.182132 0.038021 0.071296
16 0.496224 0.852315 0.043229 0.079630
8 0.196061 0.713382 0.012240 0.050463
19 0.234570 0.380469 0.084375 0.154167
20 0.191764 0.708131 0.070052 0.132408
0 0.217708 0.571181 0.036979 0.048611
4 0.265365 0.458579 0.097135 0.223148
4 0.221517 0.263513 0.033854 0.050463
4 0.268750 0.288021 0.053125 0.112500
6 0.162305 0.398553 0.064844 0.260648
15 0.154590 0.405628 0.025000 0.216204
13 0.283464 0.693287 0.121615 0.282408
12 0.338053 0.367043 0.091146 0.189815
11 0.276335 0.125231 0.202083 0.250463
17 0.577539 0.498380 0.844531 0.996759
17 0.209603 0.213151 0.109635 0.154167
3 0.442122 0.735026 0.194792 0.312500