18 0.076953 0.535040 0.153906 0.322685
18 0.067578 0.187326 0.135156 0.369445
2 0.080859 0.870472 0.161719 0.257870
2 0.256868 0.942173 0.211979 0.114815
18 0.068718 0.022454 0.128646 0.044908
21 0.553027 0.131380 0.103125 0.204167
1 0.678613 0.470775 0.157031 0.196759
3 0.442904 0.735909 0.196354 0.312963
9 0.559928 0.768924 0.159896 0.043055
22 0.400163 0.793967 0.031771 0.240278
22 0.318164 0.364424 0.103125 0.050463
10 0.388737 0.149146 0.130990 0.286574
11 0.351042 0.067592 0.057552 0.135185
14 0.298958 0.190538 0.051042 0.138889
14 0.340625 0.512587 0.060156 0.111111
14 0.213639 0.321918 0.051302 0.072222
6 0.162305 0.398785 0.064844 0.261111
15 0.154850 0.405816 0.025521 0.215278
16 0.417904 0.183767 0.036979 0.068055
16 0.495964 0.852503 0.042708 0.078704
13 0.283138 0.693707 0.119010 0.281945
12 0.337793 0.366016 0.090625 0.191667
19 0.236556 0.380049 0.081510 0.154630
20 0.191764 0.708131 0.070052 0.132408
8 0.208073 0.394271 0.088021 0.033333
8 0.196354 0.708102 0.013802 0.062037
7 0.498242 0.461632 0.084375 0.168055
7 0.399772 0.464453 0.081771 0.154167
4 0.258561 0.457972 0.109896 0.224537
4 0.250130 0.287601 0.090104 0.112963
17 0.577539 0.500014 0.844531 0.993518
17 0.282747 0.828096 0.254948 0.179630
17 0.313118 0.257841 0.058854 0.112037
17 0.243034 0.188874 0.175521 0.217592
0 0.218099 0.571181 0.037760 0.048611