18 0.067708 0.187326 0.135417 0.369445
18 0.077214 0.534853 0.154427 0.323611
18 0.067871 0.022454 0.128906 0.044908
2 0.080859 0.870052 0.161719 0.258333
2 0.383659 0.941565 0.464583 0.116204
1 0.687532 0.470775 0.137760 0.196759
21 0.553385 0.131192 0.102865 0.205092
10 0.392350 0.146065 0.133333 0.292130
7 0.499056 0.461400 0.086979 0.167592
7 0.399870 0.463802 0.080990 0.154167
3 0.443066 0.737196 0.197656 0.319445
9 0.559928 0.768692 0.159896 0.042592
22 0.401107 0.792853 0.030729 0.239352
22 0.318164 0.364149 0.103125 0.048611
8 0.208236 0.394502 0.089323 0.033796
16 0.420410 0.184708 0.031250 0.063426
16 0.496061 0.851664 0.041927 0.079630
13 0.283691 0.693750 0.121094 0.283333
12 0.338053 0.366435 0.091146 0.191204
19 0.236263 0.380049 0.079948 0.154630
20 0.192025 0.708362 0.070573 0.132870
8 0.195866 0.713990 0.013802 0.049074
0 0.218229 0.571600 0.038021 0.048148
4 0.265007 0.456481 0.093490 0.225463
4 0.250260 0.287182 0.090365 0.113426
6 0.162175 0.398322 0.064583 0.260185
15 0.154850 0.405859 0.025521 0.216667
11 0.223665 0.070602 0.086979 0.141204
17 0.619694 0.498380 0.759896 0.996759
17 0.198112 0.561748 0.085677 0.253704
17 0.282585 0.830715 0.253646 0.173148
17 0.248633 0.207711 0.186719 0.257870
14 0.219954 0.102474 0.030729 0.050000
14 0.213379 0.060388 0.011719 0.029630