5 0.091797 0.076389 0.183594 0.152778
11 0.476855 0.164815 0.083594 0.329630
11 0.251335 0.154601 0.124740 0.113889
10 0.390950 0.147237 0.135417 0.287963
16 0.418750 0.181062 0.036719 0.071759
16 0.495964 0.852503 0.042708 0.078704
9 0.560514 0.768924 0.159115 0.043055
22 0.400032 0.793967 0.031510 0.240278
22 0.318522 0.372902 0.102865 0.064815
8 0.207747 0.394879 0.089323 0.031945
8 0.196582 0.708897 0.013281 0.059722
1 0.691113 0.470775 0.131250 0.196759
7 0.496777 0.461632 0.096094 0.168055
7 0.399154 0.465061 0.081510 0.152778
14 0.340397 0.511328 0.060677 0.112500
14 0.301432 0.215017 0.044271 0.088889
14 0.309147 0.131279 0.025521 0.020370
14 0.213249 0.321455 0.050521 0.071296
3 0.442578 0.737196 0.197656 0.319445
13 0.283691 0.693750 0.121094 0.283333
12 0.337435 0.366811 0.090885 0.189352
20 0.191536 0.708362 0.070573 0.132870
19 0.234928 0.381033 0.084115 0.151389
21 0.553125 0.131612 0.102344 0.204630
4 0.264323 0.460590 0.098958 0.218055
4 0.269108 0.286531 0.052865 0.113426
4 0.221354 0.263281 0.032552 0.050000
0 0.217611 0.571368 0.037760 0.047685
6 0.162305 0.398322 0.064844 0.260185
15 0.154720 0.406091 0.025260 0.217130
18 0.068229 0.240437 0.136458 0.263426
18 0.077214 0.535040 0.154427 0.322685
2 0.080859 0.870891 0.161719 0.257408
2 0.517090 0.972396 0.093750 0.054167
2 0.261947 0.941565 0.222135 0.116204