11 0.478450 0.161574 0.087760 0.323148
11 0.221810 0.126273 0.168229 0.200463
5 0.096973 0.022222 0.146094 0.044445
1 0.678385 0.471007 0.157552 0.197222
7 0.496191 0.463267 0.092969 0.164815
7 0.399251 0.463990 0.080729 0.153241
9 0.559798 0.768924 0.159635 0.043055
22 0.400391 0.793548 0.031250 0.240741
22 0.318294 0.371600 0.103385 0.064815
10 0.391895 0.146065 0.134375 0.292130
16 0.418392 0.183536 0.036979 0.067592
16 0.496224 0.852315 0.043229 0.079630
3 0.442806 0.737804 0.197135 0.318055
13 0.283691 0.693287 0.121094 0.282408
12 0.338835 0.349725 0.088802 0.156482
12 0.325651 0.411560 0.065365 0.100463
20 0.191536 0.708131 0.070573 0.132408
19 0.233757 0.379254 0.085677 0.156945
8 0.207975 0.394922 0.088802 0.033333
0 0.218197 0.570949 0.036979 0.048148
8 0.196712 0.708941 0.013542 0.061111
6 0.162305 0.398553 0.064844 0.260648
15 0.154850 0.405859 0.025521 0.216667
14 0.340397 0.513614 0.060677 0.109259
14 0.302018 0.214786 0.043490 0.088426
14 0.303027 0.143171 0.040625 0.046759
21 0.552897 0.131843 0.102865 0.205092
14 0.213509 0.321499 0.051042 0.072685
4 0.265723 0.458608 0.092969 0.210185
4 0.250260 0.286762 0.090365 0.113889
18 0.077214 0.535272 0.154427 0.323148
18 0.067708 0.185880 0.135417 0.371759
2 0.080990 0.870472 0.161979 0.257870
2 0.262598 0.941985 0.223438 0.115741
17 0.619824 0.498380 0.760156 0.996759
17 0.282227 0.827865 0.253906 0.179167
17 0.205957 0.215929 0.102344 0.159722
17 0.198372 0.560677 0.086198 0.254167
2 0.514909 0.971368 0.098177 0.056018