18 0.067578 0.186907 0.135156 0.369908
18 0.077083 0.535084 0.154167 0.324074
18 0.068001 0.022685 0.129167 0.045370
2 0.081120 0.870891 0.162240 0.257408
2 0.261686 0.941146 0.221615 0.116667
2 0.515918 0.972815 0.091406 0.053704
1 0.678841 0.471007 0.156510 0.197222
11 0.475911 0.168056 0.080729 0.336111
11 0.254720 0.106713 0.248698 0.213426
9 0.559798 0.768924 0.159635 0.043055
22 0.401074 0.793837 0.029687 0.236111
22 0.318555 0.366507 0.103906 0.054630
7 0.498796 0.462051 0.086458 0.167592
7 0.399251 0.463990 0.080729 0.153241
13 0.283822 0.693287 0.121354 0.282408
12 0.337793 0.366623 0.090625 0.190278
19 0.236426 0.379774 0.081250 0.152778
20 0.191764 0.708131 0.070052 0.132408
3 0.442676 0.740856 0.196875 0.325463
10 0.393652 0.146296 0.128125 0.292592
21 0.553027 0.130917 0.103125 0.203241
4 0.265560 0.457552 0.095573 0.225000
4 0.250260 0.286762 0.090365 0.113889
0 0.217350 0.571368 0.037240 0.047685
6 0.162305 0.398322 0.064844 0.260185
15 0.154850 0.405396 0.025521 0.215741
14 0.340527 0.514222 0.060937 0.107870
14 0.213900 0.321918 0.051823 0.072222
14 0.298763 0.229499 0.040885 0.059259
17 0.577637 0.498611 0.843750 0.997222
17 0.217025 0.215972 0.124479 0.161111
17 0.198242 0.562269 0.085938 0.249537
8 0.207975 0.395066 0.088802 0.031018
8 0.196452 0.708246 0.013021 0.059722