10 0.413867 0.147222 0.138281 0.294445
16 0.445703 0.149624 0.035937 0.072685
16 0.498177 0.850174 0.043229 0.080555
9 0.561621 0.768085 0.159375 0.043982
22 0.403157 0.794300 0.029948 0.237037
8 0.387858 0.493157 0.067708 0.065741
15 0.158333 0.505715 0.039323 0.210648
15 0.603483 0.283738 0.073177 0.114352
6 0.166862 0.497743 0.077865 0.261111
0 0.220573 0.571036 0.038802 0.050926
14 0.264095 0.794879 0.040885 0.081945
14 0.577572 0.233377 0.021354 0.051389
14 0.626270 0.231264 0.021094 0.039352
14 0.604915 0.317115 0.083854 0.119908
3 0.444368 0.735807 0.196354 0.316667
1 0.602930 0.475304 0.117969 0.272222
7 0.500553 0.468272 0.088021 0.172222
7 0.399577 0.465625 0.087240 0.150000
11 0.224447 0.132639 0.154948 0.265278
11 0.105208 0.254254 0.210417 0.073611
18 0.077604 0.534013 0.155208 0.324537
18 0.067839 0.327141 0.135677 0.086574
18 0.350000 0.041204 0.086719 0.082408
18 0.484733 0.013194 0.081771 0.026389
2 0.081771 0.868837 0.163542 0.261111
2 0.387337 0.940350 0.469010 0.118982
17 0.578906 0.498380 0.841406 0.996759