11 0.216406 0.758666 0.432812 0.138426
11 0.072526 0.365263 0.047396 0.070370
10 0.155599 0.383767 0.123698 0.301389
16 0.187305 0.394734 0.040625 0.075926
6 0.207324 0.230483 0.122656 0.118518
15 0.205371 0.248293 0.071875 0.056482
15 0.213477 0.199132 0.053906 0.038889
15 0.604362 0.284013 0.073958 0.116204
8 0.210449 0.226114 0.066406 0.034259
0 0.220020 0.569879 0.040625 0.048611
14 0.267578 0.815480 0.035156 0.039815
14 0.627083 0.230758 0.019792 0.037037
14 0.605339 0.292173 0.085677 0.168982
9 0.454948 0.771730 0.058333 0.014815
22 0.399479 0.704470 0.021615 0.063889
22 0.412337 0.863108 0.011198 0.098611
16 0.498372 0.850593 0.041667 0.080092
3 0.378776 0.833594 0.058333 0.070833
3 0.444434 0.734650 0.194531 0.314352
1 0.603743 0.475535 0.116667 0.272685
7 0.501530 0.467853 0.088021 0.172685
7 0.409928 0.466565 0.066927 0.145370
7 0.487435 0.293793 0.062760 0.130555
8 0.387956 0.493475 0.066927 0.068982
18 0.069271 0.160185 0.138542 0.320370
18 0.072070 0.022222 0.126562 0.044445
2 0.081771 0.909100 0.163542 0.181482
17 0.578450 0.498380 0.842448 0.996759
17 0.287077 0.851591 0.256771 0.132870
2 0.391341 0.940118 0.476042 0.118518
18 0.415788 0.041435 0.219271 0.082870