10 0.159700 0.417159 0.126042 0.300463
16 0.194629 0.432031 0.036719 0.075000
16 0.486914 0.861661 0.042188 0.080092
0 0.220443 0.569647 0.038542 0.048148
6 0.206315 0.234968 0.125521 0.130092
15 0.205599 0.257755 0.071354 0.046759
15 0.231348 0.190061 0.012500 0.019445
15 0.604102 0.283362 0.073438 0.116204
14 0.578418 0.232870 0.021094 0.049074
14 0.627311 0.232393 0.019271 0.033796
14 0.605566 0.320761 0.085156 0.111574
14 0.264681 0.794879 0.040104 0.081945
9 0.417318 0.756395 0.115885 0.072685
22 0.393782 0.708666 0.019010 0.080092
22 0.400814 0.823047 0.013542 0.129167
8 0.211686 0.218027 0.063021 0.053241
1 0.603027 0.458174 0.113281 0.237963
7 0.502083 0.469068 0.086198 0.169908
7 0.408594 0.473061 0.075000 0.131018
7 0.487793 0.293793 0.062500 0.130555
8 0.389095 0.493012 0.068229 0.068055
11 0.223633 0.861444 0.425781 0.198148
11 0.048438 0.377980 0.096875 0.102315
2 0.081901 0.936661 0.163802 0.125926
2 0.391732 0.957494 0.476823 0.084259
18 0.068880 0.167361 0.137760 0.334722
18 0.071126 0.021759 0.127604 0.043518
18 0.416797 0.041204 0.220312 0.082408
3 0.437598 0.738744 0.194531 0.334259
17 0.578678 0.498611 0.841927 0.997222