10 0.129329 0.408246 0.119010 0.293055
16 0.161589 0.419560 0.038021 0.078704
0 0.220345 0.569690 0.039323 0.049537
6 0.206543 0.236126 0.125000 0.132408
11 0.151823 0.800014 0.303646 0.135185
11 0.035156 0.374219 0.070312 0.100000
15 0.205371 0.255628 0.071875 0.062037
8 0.211816 0.221904 0.063281 0.045370
8 0.387728 0.493012 0.067448 0.068055
3 0.353190 0.744821 0.188802 0.445370
16 0.340267 0.921904 0.036979 0.070370
9 0.323145 0.749986 0.059375 0.214815
22 0.324154 0.685330 0.021354 0.055555
22 0.293359 0.767245 0.032031 0.086574
1 0.601888 0.477966 0.115885 0.267130
7 0.500749 0.468272 0.086458 0.172222
7 0.487468 0.293374 0.063802 0.131018
7 0.410286 0.467115 0.066667 0.149074
8 0.387956 0.492781 0.066927 0.067592
15 0.603743 0.284013 0.073698 0.116204
14 0.622689 0.234693 0.027604 0.044908
14 0.579688 0.232364 0.022656 0.046759
14 0.604460 0.317072 0.084896 0.118518
18 0.068880 0.175926 0.137760 0.351852
18 0.071484 0.021991 0.127344 0.043982
18 0.415918 0.041435 0.219531 0.082870
2 0.082031 0.927040 0.164062 0.144445
2 0.391862 0.940538 0.477083 0.118055
17 0.578450 0.498611 0.842448 0.997222
14 0.255339 0.775665 0.022396 0.043518