11 0.126172 0.588093 0.189844 0.263426
11 0.079818 0.115365 0.101042 0.129167
12 0.130566 0.259708 0.080469 0.192592
10 0.411556 0.147454 0.134635 0.294908
16 0.444499 0.150781 0.036458 0.075000
6 0.165625 0.489974 0.077344 0.241667
15 0.157487 0.496181 0.039583 0.190278
15 0.602767 0.283970 0.073698 0.114815
0 0.219857 0.571224 0.039323 0.050000
7 0.291081 0.187717 0.056771 0.111111
13 0.281250 0.690032 0.125000 0.282408
3 0.443652 0.735113 0.196875 0.315278
14 0.625684 0.254876 0.033594 0.086574
14 0.579427 0.226765 0.014323 0.034259
14 0.604655 0.327720 0.083333 0.098148
9 0.560645 0.767853 0.159375 0.043518
22 0.402181 0.793272 0.029948 0.238889
22 0.111035 0.267925 0.084375 0.031945
7 0.499772 0.468041 0.086458 0.171759
7 0.403027 0.466840 0.080469 0.147222
8 0.386100 0.492549 0.066146 0.067130
16 0.496940 0.850174 0.042708 0.080555
1 0.601335 0.498004 0.117708 0.227778
2 0.081901 0.869257 0.163802 0.260648
2 0.390755 0.940350 0.476823 0.118982
18 0.076953 0.608984 0.153906 0.175000
18 0.066797 0.448322 0.133594 0.151852
18 0.349512 0.041435 0.086719 0.082870
18 0.484440 0.012963 0.084115 0.025926
17 0.577311 0.499769 0.845052 0.999537