18 0.077734 0.533782 0.155469 0.324074
18 0.068359 0.313455 0.136719 0.113889
18 0.347786 0.037500 0.082292 0.075000
18 0.486263 0.012269 0.079948 0.024537
2 0.082031 0.869257 0.164062 0.260648
2 0.387468 0.940118 0.469271 0.118518
11 0.098047 0.250940 0.196094 0.141204
11 0.247949 0.081481 0.207813 0.162963
6 0.210221 0.232219 0.117708 0.132408
10 0.411035 0.146079 0.133594 0.285648
16 0.445996 0.151158 0.037500 0.073148
16 0.498275 0.850174 0.042448 0.080555
1 0.602767 0.476374 0.116667 0.271759
7 0.499707 0.469300 0.088281 0.170370
7 0.407064 0.466652 0.072917 0.148148
7 0.487109 0.294257 0.064062 0.131482
0 0.220573 0.568243 0.038802 0.051852
14 0.264095 0.794879 0.040885 0.081945
14 0.604818 0.320573 0.084635 0.112500
14 0.628613 0.248438 0.025781 0.075000
14 0.577702 0.235691 0.021615 0.056018
15 0.603255 0.284664 0.073698 0.116204
15 0.213249 0.202517 0.054427 0.043055
15 0.217741 0.225839 0.026302 0.011574
15 0.205241 0.251693 0.071615 0.054167
8 0.212923 0.220052 0.059635 0.041667
8 0.388346 0.492506 0.067708 0.065741
9 0.561751 0.768316 0.159635 0.044445
22 0.403939 0.797382 0.027604 0.231482
3 0.444629 0.736502 0.196875 0.318055
17 0.577083 0.498380 0.845573 0.996759