18 0.078125 0.534708 0.156250 0.325926
18 0.064193 0.037963 0.128385 0.075926
18 0.086426 0.022454 0.097656 0.044908
18 0.398568 0.041204 0.183854 0.082408
2 0.081901 0.869068 0.163802 0.261574
2 0.385384 0.940118 0.465104 0.118518
11 0.028385 0.208030 0.056771 0.219445
0 0.220703 0.570066 0.039062 0.047685
6 0.206543 0.237051 0.125000 0.134259
15 0.201693 0.246325 0.079167 0.083796
15 0.232064 0.190755 0.015885 0.020833
15 0.603743 0.284013 0.073698 0.116204
8 0.210645 0.218822 0.064844 0.050926
1 0.602897 0.475535 0.116927 0.272685
9 0.561751 0.768085 0.159635 0.043982
14 0.264225 0.794459 0.041146 0.082408
14 0.626367 0.248438 0.032031 0.075000
14 0.603418 0.292405 0.086719 0.169445
7 0.500293 0.468229 0.087500 0.170833
7 0.487207 0.292954 0.063281 0.131482
7 0.408073 0.466609 0.070052 0.146759
8 0.388118 0.493012 0.068229 0.068055
3 0.444727 0.739554 0.196094 0.325463
22 0.403255 0.795139 0.029167 0.236111
16 0.497786 0.850593 0.042448 0.080092
17 0.578450 0.498380 0.842448 0.996759