18 0.069010 0.185185 0.138021 0.370370
18 0.077734 0.533362 0.155469 0.324537
18 0.397917 0.041204 0.182552 0.082408
18 0.071712 0.021759 0.126823 0.043518
2 0.082031 0.869257 0.164062 0.260648
2 0.386914 0.940350 0.467187 0.118982
6 0.206413 0.237702 0.124740 0.134259
15 0.205957 0.260257 0.071094 0.050463
15 0.231478 0.190480 0.012760 0.018982
15 0.604460 0.282248 0.073177 0.115278
8 0.211686 0.217419 0.063021 0.054630
0 0.220703 0.569647 0.039062 0.048148
14 0.264583 0.794879 0.040885 0.081945
14 0.626595 0.249783 0.031510 0.076389
14 0.578613 0.233145 0.023438 0.050926
14 0.604492 0.319676 0.085938 0.118518
1 0.603060 0.475535 0.118229 0.272685
7 0.487175 0.293793 0.062240 0.130555
7 0.501921 0.468085 0.088802 0.173148
7 0.409147 0.465625 0.065365 0.150000
8 0.387044 0.491667 0.065104 0.066667
17 0.579036 0.498611 0.841667 0.997222